time: 	range D: 	goal status D_s: 	B: 	x, y 
0		8.23166		обнаружена		310.171		5.31  6.29
0.5		133.641		обнаружена		21.5918		124.263  -49.1787
1		277.268		обнаружена		23.358		254.545  -109.93
1.5		433.477		обнаружена		23.9498		396.155  -175.964
2		602.207		обнаружена		24.2441		549.095  -247.281
2.5		783.445		обнаружена		24.419		713.363  -323.881
3		977.187		обнаружена		24.5342		888.96  -405.763
3.5		1183.43		не обнаружена		24.6154		1075.89  -492.928
4		1402.18		не обнаружена		24.6754		1274.14  -585.376
4.5		1633.42		не обнаружена		24.7213		1483.72  -683.107
5		1877.17		не обнаружена		24.7575		1704.64  -786.12
5.5		2133.42		не обнаружена		24.7866		1936.88  -894.416
6		2402.17		не обнаружена		24.8105		2180.45  -1007.99
6.5		2683.42		не обнаружена		24.8304		2435.35  -1126.86
7		2977.16		не обнаружена		24.8471		2701.58  -1251
7.5		3283.41		не обнаружена		24.8614		2979.13  -1380.43
8		3602.16		не обнаружена		24.8736		3268.02  -1515.14
8.5		3933.41		не обнаружена		24.8843		3568.23  -1655.13
9		4277.16		не обнаружена		24.8936		3879.77  -1800.4
9.5		4633.41		не обнаружена		24.9018		4202.65  -1950.96
10		5002.16		не обнаружена		24.909		4536.85  -2106.8
